[gd_scene load_steps=14 format=3 uid="uid://baisdj3sam854"]

[ext_resource type="Script" path="res://RaceManager.gd" id="1_226ob"]
[ext_resource type="PackedScene" uid="uid://51pd6coiy4rs" path="res://hud.tscn" id="2_c61vw"]
[ext_resource type="PackedScene" uid="uid://mqe1mxi1aqvl" path="res://stop_watch.tscn" id="3_o5kel"]
[ext_resource type="PackedScene" uid="uid://cj7pgivlpytgi" path="res://Figure 8.tscn" id="4_i15uy"]
[ext_resource type="PackedScene" uid="uid://bfuhwdte25jtw" path="res://split_screen.tscn" id="5_nsde3"]
[ext_resource type="PackedScene" uid="uid://diq6shlq4m8l7" path="res://finish_line.tscn" id="6_8lnw1"]
[ext_resource type="PackedScene" uid="uid://bhjgcx26cvvs8" path="res://checkpoint.tscn" id="7_kl1f3"]
[ext_resource type="PackedScene" uid="uid://c4qssepqrjmmk" path="res://car.tscn" id="8_hmqxh"]

[sub_resource type="BoxMesh" id="BoxMesh_ujhpf"]

[sub_resource type="StandardMaterial3D" id="StandardMaterial3D_dmiqj"]
albedo_color = Color(0.920709, 0.813, 3.85046e-07, 1)

[sub_resource type="TorusMesh" id="TorusMesh_gkast"]

[sub_resource type="StandardMaterial3D" id="StandardMaterial3D_hdo1d"]
albedo_color = Color(0.333409, 0.741631, 0.303938, 1)

[sub_resource type="Curve3D" id="Curve3D_xs15q"]
_data = {
"points": PackedVector3Array(0, 0, 0, 0, 0, 0, -1.95813, 0, -2.46386, 0, 0, 0, 0, 0, 0, 15.6423, 0, -2.35588, 0, 0, 0, 0, 0, 0, 27.8439, 0, -1.06014, 0, 0, 0, 0, 0, 0, 43.7167, 0, -0.412265, 0, 0, 0, 0, 0, 0, 58.7257, 0, -2.89577, 0, 0, 0, 0, 0, 0, 67.688, 0, -9.15852, 0, 0, 0, 0, 0, 0, 75.8943, 0, -20.0643, 0, 0, 0, 0, 0, 0, 79.3496, 0, -34.3175, 0, 0, 0, 0, 0, 0, 80.8613, 0, -51.1621, 0, 0, 0, 0, 0, 0, 81.8331, 0, -63.4717, 0, 0, 0, 0, 0, 0, 80.5374, 0, -70.9226, 0, 0, 0, 0, 0, 0, 77.1901, 0, -83.3401, 0, 0, 0, 0, 0, 0, 66.1763, 0, -90.5747, 0, 0, 0, 0, 0, 0, 54.0827, 0, -95.0018, 0, 0, 0, 0, 0, 0, 41.1253, 0, -96.5135, 0, 0, 0, 0, 0, 0, 25.7923, 0, -96.0816, 0, 0, 0, 0, 0, 0, 8.08388, 0, -92.9502, 0, 0, 0, 0, 0, 0, -3.90173, 0, -87.4433, 0, 0, 0, 0, 0, 0, -10.4884, 0, -75.9976, 0, 0, 0, 0, 0, 0, -13.6198, 0, -64.3359, 0, 0, 0, 0, 0, 0, -14.5916, 0, -48.787, 0, 0, 0, 0, 0, 0, -14.3756, 0, -34.5339, 0, 0, 0, 0, 0, 0, -12.1039, 9.18987, -0.567701, 0, 0, 0, 0, 0, 0, -16.2988, 0, 33.5095, 0, 0, 0, 0, 0, 0, -16.5147, 0, 55.1052, 0, 0, 0, 0, 0, 0, -18.8903, 0, 70.0062, 0, 0, 0, 0, 0, 0, -20.186, 0, 80.0482, 0, 0, 0, 0, 0, 0, -37.5705, 0, 91.4939, 0, 0, 0, 0, 0, 0, -65.7529, 0, 95.1652, 0, 0, 0, 0, 0, 0, -82.5975, 0, 93.3295, 0, 0, 0, 0, 0, 0, -97.6065, 0, 88.7944, 0, 0, 0, 0, 0, 0, -105.705, 0, 77.6727, 0, 0, 0, 0, 0, 0, -111.104, 0, 56.6169, 0, 0, 0, 0, 0, 0, -113.263, 0, 42.4717, 0, 0, 0, 0, 0, 0, -109.268, 0, 24.8712, 0, 0, 0, 0, 0, 0, -104.625, 0, 8.3505, 0, 0, 0, 0, 0, 0, -91.8837, 0, 1.76382, 0, 0, 0, 0, 0, 0, -82.3816, 0, -0.61171, 0, 0, 0, 0, 0, 0, -65.7529, 0, -1.90745, 0, 0, 0, 0, 0, 0, -50.096, 0, -1.58352, 0, 0, 0, 0, 0, 0, -36.1668, 0, -2.44735, 0, 0, 0, 0, 0, 0, -25.369, 0, -2.12341),
"tilts": PackedFloat32Array(0, 0, 0, 0, 0, 0, 0, 0, 0, 0, 0, 0, 0, 0, 0, 0, 0, 0, 0, 0, 0, 0, 0, 0, 0, 0, 0, 0, 0, 0, 0, 0, 0, 0, 0, 0, 0, 0, 0, 0, 0, 0)
}
point_count = 42

[node name="PlayableTestLevel" type="Node3D"]
script = ExtResource("1_226ob")

[node name="CanvasLayer" type="CanvasLayer" parent="."]

[node name="HUD" parent="CanvasLayer" instance=ExtResource("2_c61vw")]

[node name="StopWatch" parent="." instance=ExtResource("3_o5kel")]

[node name="Figure8" parent="." instance=ExtResource("4_i15uy")]
transform = Transform3D(2, 0, 0, 0, 2, 0, 0, 0, 2, -14.79, -1, -0.911)

[node name="DirectionalLight3D" type="DirectionalLight3D" parent="."]
transform = Transform3D(0.970888, -0.223837, 0.0852827, 0.165117, 0.883336, 0.438695, -0.17353, -0.411842, 0.89458, 24.0591, 29.8346, 0)
light_energy = 0.2

[node name="DirectionalLight3D2" type="DirectionalLight3D" parent="."]
transform = Transform3D(-0.538108, -0.78765, 0.300079, 3.95694e-08, 0.356018, 0.934479, -0.842876, 0.502851, -0.191576, -49.6027, 29.8346, 0)
light_energy = 0.5

[node name="Split Screen" parent="." node_paths=PackedStringArray("carList") instance=ExtResource("5_nsde3")]
carList = [NodePath("../Car")]

[node name="Finish Line" parent="." instance=ExtResource("6_8lnw1")]
transform = Transform3D(-4.37114e-08, 0, 1, 0, 1, 0, -1, 0, -4.37114e-08, -28.9509, -0.704265, -7.00158)

[node name="Checkpoint" parent="." instance=ExtResource("7_kl1f3")]
transform = Transform3D(1.31134e-07, 0, -1, 0, 1, 0, 1, 0, 1.31134e-07, -13.9674, -0.284395, -22.7178)

[node name="AICar" parent="." instance=ExtResource("8_hmqxh")]
transform = Transform3D(-0.148206, 0, -0.988956, 0, 1, 0, 0.988956, 0, -0.148206, -21.0983, 3.0406, 3.32179)

[node name="debugMarkerSteer" type="MeshInstance3D" parent="AICar"]
transform = Transform3D(0.8, 0, 0, 0, -0.036137, 0.799183, 0, -0.799183, -0.036137, 0, 0, 0)
visible = false
mesh = SubResource("BoxMesh_ujhpf")
surface_material_override/0 = SubResource("StandardMaterial3D_dmiqj")

[node name="debugMarkerObjective" type="MeshInstance3D" parent="AICar"]
mesh = SubResource("TorusMesh_gkast")
surface_material_override/0 = SubResource("StandardMaterial3D_hdo1d")

[node name="AICar2" parent="." instance=ExtResource("8_hmqxh")]
transform = Transform3D(-0.148206, 0, -0.988956, 0, 1, 0, 0.988956, 0, -0.148206, -28.731, 3.0406, 4.02369)

[node name="debugMarkerSteer" type="MeshInstance3D" parent="AICar2"]
transform = Transform3D(0.8, 0, 0, 0, -0.036137, 0.799183, 0, -0.799183, -0.036137, 0, 0, 0)
visible = false
mesh = SubResource("BoxMesh_ujhpf")
surface_material_override/0 = SubResource("StandardMaterial3D_dmiqj")

[node name="debugMarkerObjective" type="MeshInstance3D" parent="AICar2"]
mesh = SubResource("TorusMesh_gkast")
surface_material_override/0 = SubResource("StandardMaterial3D_hdo1d")

[node name="AICar3" parent="." instance=ExtResource("8_hmqxh")]
transform = Transform3D(-0.148206, 0, -0.988956, 0, 1, 0, 0.988956, 0, -0.148206, -32.9229, 3.0406, 1.79495)

[node name="debugMarkerSteer" type="MeshInstance3D" parent="AICar3"]
transform = Transform3D(0.8, 0, 0, 0, -0.036137, 0.799183, 0, -0.799183, -0.036137, 0, 0, 0)
visible = false
mesh = SubResource("BoxMesh_ujhpf")
surface_material_override/0 = SubResource("StandardMaterial3D_dmiqj")

[node name="debugMarkerObjective" type="MeshInstance3D" parent="AICar3"]
mesh = SubResource("TorusMesh_gkast")
surface_material_override/0 = SubResource("StandardMaterial3D_hdo1d")

[node name="AICar4" parent="." instance=ExtResource("8_hmqxh")]
transform = Transform3D(-0.148206, 0, -0.988956, 0, 1, 0, 0.988956, 0, -0.148206, -35.7255, 3.0406, -1.43359)

[node name="debugMarkerSteer" type="MeshInstance3D" parent="AICar4"]
transform = Transform3D(0.8, 0, 0, 0, -0.036137, 0.799183, 0, -0.799183, -0.036137, 0, 0, 0)
visible = false
mesh = SubResource("BoxMesh_ujhpf")
surface_material_override/0 = SubResource("StandardMaterial3D_dmiqj")

[node name="debugMarkerObjective" type="MeshInstance3D" parent="AICar4"]
mesh = SubResource("TorusMesh_gkast")
surface_material_override/0 = SubResource("StandardMaterial3D_hdo1d")

[node name="AIPath" type="Path3D" parent="."]
curve = SubResource("Curve3D_xs15q")

[node name="Car" parent="." instance=ExtResource("8_hmqxh")]
transform = Transform3D(-0.282509, 0, -0.959265, 0, 1, 0, 0.959265, 0, -0.282509, -27.3672, 1.69926, -2.0947)

[connection signal="raceStart" from="CanvasLayer/HUD" to="." method="_on_hud_race_start"]

[editable path="Split Screen"]
